
300                                               20.170333599757377                                1.122974694594978                                 78.70669170564764
305                                               19.146385461353972                                1.4007134716471352                                79.45290106699889
309.99999999999994                                21.663676264383827                                1.8771444248346076                                76.45917931078156
314.99999999999994                                27.46327805360394                                 2.415022853708477                                 70.12169909268758
319.99999999999994                                33.109669716687534                                2.818691778829274                                 64.07163850448319
325                                               35.88744114841142                                 3.1267769234113323                                60.98578192817724
330                                               36.77511069763374                                 3.486335052280898                                 59.73855425008536
335                                               38.38431153975152                                 3.910074435474431                                 57.70561402477405
340                                               42.30776993651543                                 4.263766755026407                                 53.42846330845816
345                                               47.11861621187297                                 4.437813804289152                                 48.44356998383788
350                                               50.02504222546514                                 4.472034735818797                                 45.50292303871606
355                                               50.57309508635708                                 4.437616641880431                                 44.98928827176249
360                                               50.63136743450405                                 4.342413884469898                                 45.02621868102605
364.99999999999994                                52.081824258818486                                4.154580682886779                                 43.76359505829473
369.99999999999994                                55.261620367549604                                3.904284363731675                                 40.83409526871872
374.99999999999994                                59.105680429462495                                3.664108805159702                                 37.230210765377805
379.99999999999994                                62.47401071499857                                 3.4652294277080737                                34.060759857293355
385                                               64.5684110340232                                  3.3141351699372392                                32.11745379603956
390                                               65.09976146673432                                 3.2021323160178077                                31.698106217247872
395                                               64.36326095362533                                 3.108020403618499                                 32.528718642756175
400                                               63.1066563637972                                  3.0087063900436304                                33.88463724615917
405                                               62.18271009934136                                 2.8923283271428177                                34.92496157351582
410                                               62.16988111697429                                 2.762275420591448                                 35.06784346243426
415                                               63.23276565315845                                 2.6296512776571257                                34.13758306918442
419.99999999999994                                65.23920759747145                                 2.503885160018427                                 32.256907242510124
424.99999999999994                                67.91832850813519                                 2.3899072373213905                                29.69176425454342
429.99999999999994                                70.92591279191606                                 2.291235774225878                                 26.78285143385806
434.99999999999994                                73.85565006283127                                 2.2139303602894844                                23.930419576879242
439.99999999999994                                76.26960814248804                                 2.1677216355848286                                21.56267022192713
445                                               77.74988198070596                                 2.163817548973501                                 20.086300470320534
450                                               77.9341840944841                                  2.210364174522201                                 19.855451730993703
455                                               76.55366734219149                                 2.30468520603498                                  21.141647451773533
460                                               73.59264048757285                                 2.4190247211047                                   23.98833479132245
465                                               69.70006298409916                                 2.4837379846640917                                27.816199031236746
470                                               66.53936487417155                                 2.401624571843853                                 31.059010553984592
474.99999999999994                                65.98598471530092                                 2.131141337817918                                 31.882873946881165
480                                               68.36588561547433                                 1.7497263820657458                                29.88438800245993
484.99999999999994                                72.36133217732143                                 1.3776419918361094                                26.26102583084246
490                                               76.5541033221743                                  1.0810351297968641                                22.364861548028838
494.99999999999994                                80.22217309225162                                 0.8682864143427467                                18.90954049340563
500                                               83.17653435763773                                 0.7241876493176788                                16.099277993044588
505                                               85.44445984140697                                 0.6309726768420686                                13.924567481750964
509.99999999999994                                87.08567295234371                                 0.5744598500807283                                12.339867197575558
515                                               88.11085350695849                                 0.543541085214116                                 11.345605407827392
519.9999999999999                                 88.45406271497758                                 0.5270903733849368                                11.018846911637482
525                                               88.01664783163301                                 0.5101230638409278                                11.473229104526064
530                                               86.85404359129639                                 0.474114094967735                                 12.671842313735876
535                                               85.40265077427642                                 0.40943846943844525                               14.187910756285131
540                                               84.27798697194316                                 0.3293235749801138                                15.392689453076722
545                                               83.72143508581729                                 0.2580608461524984                                16.02050406803021
550                                               83.5357324684742                                  0.20963025417191472                               16.25463727735389
555                                               83.4259809718111                                  0.1862823819665287                                16.387736646222372
560                                               83.19462101177008                                 0.18748879549666533                               16.617890192733253
564.9999999999999                                 82.76707257416817                                 0.21619640939022217                               17.01673101644161
570                                               82.20326323805976                                 0.2814037881682798                                17.515332973771958
574.9999999999999                                 81.74641322604064                                 0.3963609831699018                                17.857225790789453
580                                               81.79273074472461                                 0.5669833150437152                                17.640285940231678
584.9999999999999                                 82.53178267046732                                 0.7748979781055483                                16.693319351427128
590                                               83.5144213906962                                  0.9892948514622332                                15.496283757841567
595                                               83.95340779076747                                 1.2091087768522806                                14.837483432380248
600                                               83.29881499841622                                 1.4752401951710243                                15.225944806412757
605                                               81.22032981038024                                 1.8569350339676667                                16.9227351556521
610                                               77.30555422663173                                 2.4539985395766504                                20.24044723379162
615                                               70.93719157491194                                 3.409217867894678                                 25.653590557193386
619.9999999999999                                 61.859610301226354                                4.853283436496246                                 33.2871062622774
625                                               52.73446113820114                                 6.54359971981298                                  40.72193914198588
629.9999999999999                                 51.453729962293174                                7.336343300857575                                 41.209926736849255
635                                               60.9074203361959                                  6.463863505142404                                 32.628716158661696
639.9999999999999                                 72.7435287308276                                  4.935959167361909                                 22.320512101810486
645                                               81.46268030045847                                 3.6754278799514686                                14.861891819590058
650                                               86.96757576262543                                 2.8251827764828876                                10.207241460891684
655                                               90.36542281312815                                 2.2788883787775407                                7.35568880809431
660                                               92.49968688005657                                 1.931120722602519                                 5.569192397340909
665                                               93.87055998148752                                 1.7137125555081427                                4.41572746300434
670                                               94.7605634203654                                  1.5869629400989147                                3.6524736395356845
674.9999999999999                                 95.32844597466344                                 1.529315809924438                                 3.1422382154121236
680                                               95.66160720883884                                 1.5311683560848952                                2.80722443507626
684.9999999999999                                 95.80265479310349                                 1.59215232941506                                  2.6051928774814543
690                                               95.76054249185204                                 1.7211935625636734                                2.518263945584291
694.9999999999999                                 95.51031628421435                                 1.9396746776015075                                2.550009038184138
700                                               94.97947646774425                                 2.2897851994464524                                2.730738332809299
704.9999999999999                                 94.00931789602474                                 2.854134117681747                                 3.136547986293513
710                                               92.25474362704482                                 3.8039706948706278                                3.941285678084555
715                                               88.90558385379208                                 5.529928265043997                                 5.564487881163922
720                                               81.82090480308737                                 9.03853904179366                                  9.140556155118967
725                                               64.76932833140688                                 17.16454884544766                                 18.06612282314546
729.9999999999999                                 26.453178165763752                                34.52024465842231                                 39.02657717581395
735                                               17.25100427770628                                 36.85836104509389                                 45.890634677199834
739.9999999999999                                 57.28326975738804                                 17.836897386578045                                24.879832856033914
745                                               78.14253277286096                                 8.479168120894384                                 13.378299106244656
749.9999999999999                                 86.94212208653033                                 4.678935472519981                                 8.378942440949686
755                                               91.17177249612517                                 2.913686998472161                                 5.914540505402667
759.9999999999999                                 93.48433050595895                                 1.9801328559002767                                4.535536638140773
765                                               94.87976278049022                                 1.4353268774953278                                3.6849103420144473
770                                               95.78684717439269                                 1.0930580124013312                                3.1200948132059785
775                                               96.41124491821138                                 0.8656113311336205                                2.723143750654999
780                                               96.86089180871473                                 0.707739677091224                                 2.43136851419405
784.9999999999999                                 97.19666929705657                                 0.5943491182179623                                2.2089815847254646
790                                               97.45498424139629                                 0.5106848111539734                                2.0343309474497375
794.9999999999999                                 97.65867962082135                                 0.4476467026291035                                1.8936736765495508
800                                               97.82267333685452                                 0.3993971023727481                                1.7779295607727308
