300                                               19.98335642937412                                 1.202494283098261                                 78.81414928752763
305                                               22.159461396290993                                1.5952390387273772                                76.24529956498164
309.99999999999994                                25.676591164328872                                1.9986106125601186                                72.32479822311102
314.99999999999994                                29.262037312901786                                2.365540481952593                                 68.37242220514563
319.99999999999994                                32.156143902646335                                2.7148416463739515                                65.12901445097971
325                                               34.31315501690007                                 3.085476803418058                                 62.60136817968187
330                                               36.17594190337188                                 3.491864059077096                                 60.33219403755103
335                                               38.415942944612105                                3.904964927094597                                 57.6790921282933
340                                               41.5622154194168                                  4.255860678162069                                 54.18192390242113
345                                               45.53603614241155                                 4.4662571209883                                   49.99770673660015
350                                               49.50592976148268                                 4.499928606018384                                 45.99414163249893
355                                               52.5407586818742                                  4.406541989994655                                 43.05269932813114
360                                               54.390164968776446                                4.270867069032629                                 41.33896796219092
364.99999999999994                                55.30171117953                                    4.118917121509797                                 40.5793716989602
369.99999999999994                                55.72354081332732                                 3.9581822264095443                                40.318276960263134
374.99999999999994                                56.03537590524886                                 3.800532191246565                                 40.16409190350457
379.99999999999994                                56.49913806553843                                 3.6370939516931124                                39.86376798276846
385                                               57.32604155938487                                 3.457323051663505                                 39.21663538895162
390                                               58.61840286934853                                 3.262292135768281                                 38.11930499488319
395                                               60.32850663029502                                 3.06354165828075                                  36.607951711424235
400                                               62.30242777351459                                 2.8759693651911227                                34.82160286129429
405                                               64.36614552087352                                 2.7113300812478984                                32.92252439787858
410                                               66.39240334890408                                 2.5753244874501657                                31.03227216364575
415                                               68.32353085441385                                 2.4678466499584575                                29.208622495627697
419.99999999999994                                70.15767534682725                                 2.3847585488755176                                27.457566104297236
424.99999999999994                                71.91566107953437                                 2.320047470095712                                 25.764291450369914
429.99999999999994                                73.60496358009722                                 2.2679023473893665                                24.127134072513414
434.99999999999994                                75.19499150585604                                 2.2244105456116836                                22.58059794853228
439.99999999999994                                76.61229506766408                                 2.188447633767072                                 21.19925729856885
445                                               77.75378562756357                                 2.1614374598493313                                20.084776912587095
450                                               78.50691031550213                                 2.146099712666336                                 19.34698997183154
455                                               78.76608599372152                                 2.1446309830038213                                19.08928302327466
460                                               78.44407510801913                                 2.156637365346741                                 19.399287526634126
465                                               77.48799732445242                                 2.176783469906227                                 20.33521920564135
470                                               75.91586119852437                                 2.192167250598444                                 21.891971550877187
474.99999999999994                                73.8834065072227                                  2.180576107090397                                 23.936017385686903
480                                               71.75629644471607                                 2.113176174863178                                 26.13052738042075
484.99999999999994                                70.09564783613583                                 1.9660908208086243                                27.93826134305555
490                                               69.45329018158348                                 1.7380976778363872                                28.80861214058013
494.99999999999994                                70.05972704364834                                 1.4583336067421464                                28.481939349609515
500                                               71.70267610993326                                 1.1716091944665026                                27.125714695600234
505                                               73.918516918001                                   0.9146229519700606                                25.166860130028937
509.99999999999994                                76.2662547071665                                  0.704576446992743                                 23.02916884584076
515                                               78.4618715961237                                  0.5426362693848484                                20.995492134491453
519.9999999999999                                 80.37331681977822                                 0.4220783308770486                                19.204604849344726
525                                               81.96576856272931                                 0.3342744911912346                                17.699956946079457
530                                               83.25266798382373                                 0.27153825031937057                               16.475793765856903
535                                               84.26575490581956                                 0.22802821833580786                               15.506216875844629
540                                               85.04040863334619                                 0.19983526442369776                               14.759756102230114
545                                               85.61059485127727                                 0.18486013984964017                               14.20454500887309
550                                               86.0094736812559                                  0.18271233965495218                               13.80781397908915
555                                               86.27202897976676                                 0.1946169744907738                                13.533354045742467
560                                               86.43284550554213                                 0.22305555278575265                               13.344098941672115
564.9999999999999                                 86.50802037522186                                 0.2707128445128875                                13.221266780265251
570                                               86.46079356496573                                 0.33912424404474956                               13.200082190989525
574.9999999999999                                 86.18510389746264                                 0.42927814561250927                               13.385617956924852
580                                               85.53859414844183                                 0.5454968298098746                                13.915909021748295
584.9999999999999                                 84.38211751206352                                 0.699713151631501                                 14.918169336304983
590                                               82.5725935558635                                  0.9139248331386904                                16.513481610997804
595                                               79.92974292034064                                 1.2225884686013082                                18.847668611058047
600                                               76.23164970367908                                 1.6754893010846095                                22.092860995236308
605                                               71.31953697107201                                 2.333686361791767                                 26.346776667136222
610                                               65.47992622315941                                 3.232782459577606                                 31.287291317262984
615                                               60.219436182440155                                4.270462107988632                                 35.51010170957122
619.9999999999999                                 58.48924653758134                                 5.080902632288306                                 36.429850830130356
625                                               62.167135394176945                                5.2452642665850755                                32.58760033923798
629.9999999999999                                 69.31527333396038                                 4.782449405925695                                 25.902277260113927
635                                               76.60541399707203                                 4.065337334338356                                 19.32924866858961
639.9999999999999                                 82.39446842251739                                 3.381982237043764                                 14.223549340438844
645                                               86.55492187477549                                 2.8309360094442364                                10.614142115780275
650                                               89.45710909141343                                 2.4133803253325357                                8.129510583254035
655                                               91.48358380824943                                 2.103480815995503                                 6.412935375755062
660                                               92.91704981173358                                 1.8748590185007368                                5.208091169765686
665                                               93.94739957732853                                 1.7069226327815097                                4.345677789889965
670                                               94.69887150175195                                 1.5849140895597837                                3.7162144086882636
674.9999999999999                                 95.25268808983                                    1.4986218828492268                                3.2486900273207713
680                                               95.66236970495116                                 1.4411437921330856                                2.896486502915754
684.9999999999999                                 95.96345365332515                                 1.4079754506335556                                2.628570896041298
690                                               96.17953869678301                                 1.3964057231136104                                2.424055580103377
694.9999999999999                                 96.32601204283307                                 1.4051512405019715                                2.268836716664958
700                                               96.41230705482069                                 1.4341756998899782                                2.153517245289335
704.9999999999999                                 96.4431903052494                                  1.4846649670908112                                2.0721447276597864
710                                               96.41934728468321                                 1.5591561765992743                                2.0214965387175132
715                                               96.33737480516291                                 1.6618498973592413                                2.0007752974778494
720                                               96.18914954419225                                 1.7991767979737898                                2.011673657833963
725                                               95.96038071073119                                 1.98075888651368                                  2.0588604027551334
729.9999999999999                                 95.62790631122085                                 2.221029287282784                                 2.1510644014963614
735                                               95.154837470652                                   2.5420145078101974                                2.3031480215378046
739.9999999999999                                 94.48173525270879                                 2.978274947609758                                 2.539989799681454
745                                               93.5100119376034                                  3.586062210142166                                 2.9039258522544396
749.9999999999999                                 92.06916812786018                                 4.461174622455855                                 3.469657249683965
755                                               89.84835096914377                                 5.775802798130138                                 4.375846232726096
759.9999999999999                                 86.24460980809052                                 7.859055654390196                                 5.896334537519288
765                                               80.01117670338742                                 11.37993219014757                                 8.608891106465009
770                                               68.4787434025295                                  17.737480393068807                                13.78377620440169
775                                               46.73318344313667                                 29.384267216240417                                23.882549340622916
780                                               15.418237695067576                                45.373375120955075                                39.20838718397735
784.9999999999999                                 10.238944094741779                                46.46675387343025                                 43.29430203182797
790                                               39.83318386130769                                 29.844367755460627                                30.322448383231684
794.9999999999999                                 64.0730380848171                                  16.967727734730047                                18.959234180452853
800                                               77.33217728456994                                 10.137438150686242                                12.530384564743821
